data = {
    'base': {
        'bleu': [
            ( 0, 12.508 ), ( 2, 14.704 ), ( 4, 17.249 ), ( 6, 18.762 ), ( 8, 20.311 ), ( 9, 19.740 ),
        ],
        'pplx': [
            ( 0, 36.8988 ), ( 1, 34.2411 ), ( 2, 34.6503 ), ( 3, 36.3722 ), ( 4, 37.3043 ),
            ( 5, 40.6900 ), ( 6, 43.1084 ), ( 7, 46.7289 ), ( 8, 49.1755 ), ( 9, 52.5328 ),
        ]
    },
    'exp2': {
        'bleu': [
            ( 0, 11.379 ), ( 2, 13.008 ), ( 4, 14.381 ), ( 5, 13.960 ), ( 7, 14.594 ), ( 9, 15.095 ),
        ],
        'pplx': [
            ( 0, 42.8629 ), ( 1, 38.0414 ), ( 2, 38.0865 ), ( 3, 37.8191 ), ( 4, 38.6933 ),
            ( 5, 37.4295 ), ( 6, 38.0471 ), ( 7, 38.4219 ), ( 8, 38.8218 ), ( 9, 38.5303 ),
        ]
    },
    'exp3': {
        'bleu': [
            ( 0, 11.777 ), ( 2, 14.641 ), ( 4, 14.900 ), ( 5, 15.493 ), ( 7, 16.923 ), ( 9, 17.688 ),
        ],
        'pplx': [
            ( 0, 38.1800 ), ( 1, 35.0667 ), ( 2, 35.1439 ), ( 3, 35.2702 ), ( 4, 35.7926 ),
            ( 5, 35.3267 ), ( 6, 35.9495 ), ( 7, 36.7126 ), ( 8, 38.4527 ), ( 9, 39.1957 ),
        ]
    }
}
